8E 77 DD 77 F0 6B DD 77 BB D5 DF 77 F4 EA DD 77 E5 ED DD 77 1B 76 DD 77 83 78 DD 77 E7 EB DD 77
FD D2 E0 77 B3 77 DD 77 00 00 00 00 00 00 00 00 00 00 00 00 00 00 00 00 00 00 00 00 00 00 00 00
00 00 00 00 00 00 00 00 00 00 00 00 00 00 00 00 00 00 00 00 00 00 00 00 00 00 00 00 00 00 00 00
00 00 00 00 00 00 00 00 00 00 00 00 00 00 00 00 00 00 00 00 00 00 00 00 00 00 00 00 00 00 00 00
00 00 00 00 00 00 00 00 00 00 00 00 00 00 00 00 00 00 00 00 00 00 00 00 00 00 00 00 00 00 00 00
00 00 00 00 00 00 00 00 00 00 00 00 00 00 00 00 00 00 00 00 00 00 00 00 00 00 00 00 00 00 00 00
00 00 00 00 00 00 00 00 00 00 00 00 00 00 00 00 00 00 00 00 00 00 00 00 00 00 00 00 00 00 00 00
00 00 00 00 00 00 00 00 00 00 00 00 00 00 00 00 00 00 00 00 00 00 00 00 00 00 00 00 00 00 00 00
00 00 00 00 00 00 00 00 00 00 00 00 00 00 00 00 00 00 00 00 00 00 00 00 00 00 00 00 00 00 00 00
00 00 00 00 00 00 00 00 00 00 00 00 00 00 00 00 00 00 00 00 00 00 00 00 00 00 00 00 00 00 00 00
00 00 00 00 00 00 00 00 00 00 00 00 00 00 00 00 00 00 00 00 00 00 00 00 00 00 00 00 00 00 00 00
00 00 00 00 00 00 00 00 00 00 00 00 00 00 00 00 00 00 00 00 00 00 00 00 00 00 00 00 00 00 00 00
00 00 00 00 00 00 00 00 00 00 00 00 00 00 00 00 00 00 00 00 00 00 00 00 00 00 00 00 00 00 00 00
00 00 00 00 00 00 00 00 00 00 00 00 00 00 00 00 00 00 00 00 00 00 00 00 00 00 00 00 00 00 00 00
00 00 00 00 00 00 00 00 00 00 00 00 00 00 00 00 00 00 00 00 00 00 00 00 00 00 00 00 00 00 00 00
00 00 00 00 00 00 00 00 00 00 00 00 00 00 00 00 00 00 00 00 00 00 00 00 00 00 00 00 00 00 00 00
00 00 00 00 00 00 00 00 77 9B 80 7C F1 0C 81 7C 93 D2 80 7C 19 62 82 7C BD E4 81 7C 24 1A 80 7C
3F EB 80 7C 2F 08 81 7C 8A 18 91 7C 5C E8 81 7C 05 10 90 7C 1C 76 83 7C A2 CA 81 7C A9 CC 80 7C
18 E0 81 7C 66 EA 80 7C D7 EF 80 7C 59 35 81 7C 19 90 83 7C B1 C7 80 7C 62 5F 82 7C 66 AA 80 7C
82 D5 82 7C 43 99 80 7C E6 2B 81 7C 8D 2C 81 7C A1 97 83 7C 4E 99 80 7C 37 97 80 7C 0C 6E 82 7C
73 73 82 7C 23 CC 81 7C A2 29 82 7C 8F 0C 81 7C 69 10 81 7C 31 03 91 7C C1 C9 80 7C 7E D4 80 7C
57 B3 80 7C 29 B5 80 7C 2A E8 81 7C 54 2A 82 7C 28 AC 80 7C 49 AA 80 7C EE 1E 80 7C A9 2C 81 7C
80 A4 80 7C 63 4C 81 7C C6 2A 81 7C 6B 17 80 7C CF 21 82 7C 05 A4 80 7C AC 92 80 7C AB 14 81 7C
51 28 81 7C 52 70 82 7C 39 30 82 7C 2D FF 80 7C 9A E1 81 7C 2F FE 80 7C 36 8F 83 7C 19 01 81 7C
C9 25 81 7C 82 00 81 7C D4 05 91 7C 3D 04 91 7C A1 9F 80 7C 94 97 80 7C AD 97 80 7C 7B 97 80 7C
2B 2E 83 7C ED 10 90 7C 77 1D 80 7C 4F 1D 80 7C 65 A0 80 7C BD 99 80 7C 5D 99 80 7C CF C6 80 7C
94 22 82 7C F4 97 80 7C AD 9C 80 7C E1 EA 81 7C 0E 18 80 7C A7 24 80 7C 01 B0 85 7C 2A E9 81 7C
40 7A 93 7C 5B B2 81 7C 53 30 82 7C 50 F8 81 7C 97 AA 80 7C 28 9C 80 7C A6 0D 81 7C CF C6 80 7C
40 03 91 7C 82 B8 81 7C 67 CC 80 7C F1 BA 80 7C 42 24 80 7C 10 8F 83 7C 34 0D 81 7C 0F 2B 81 7C
53 34 81 7C 50 97 80 7C F5 9B 80 7C 8A 2B 86 7C 81 9A 80 7C 14 9B 80 7C 59 B8 80 7C 30 25 80 7C
C7 A0 80 7C 9F 0F 81 7C B7 2B 82 7C 79 EE 81 7C 29 B9 80 7C 29 C7 80 7C 11 03 81 7C E0 C6 80 7C
00 00 00 00 00 00 00 00 00 00 00 00 00 00 00 00 00 00 00 00 50 1A C0 77 FF 19 C0 77 BA 18 C0 77
00 00 00 00 00 00 00 00 00 00 00 00 00 00 00 00 00 00 00 00 00 00 00 00 00 00 00 00 00 00 00 00
28 44 AB 71 4D 66 AB 71 D4 4F AB 71 C8 50 AB 71 F4 2B AB 71 C0 2B AB 71 00 00 00 00 00 00 00 00
00 00 00 00 00 00 00 00 00 00 00 00 00 00 00 00 00 00 00 00 00 00 00 00 00 00 00 00 00 00 00 00
00 00 00 00 00 00 00 00 00 00 00 00 00 00 00 00 00 00 00 00 00 00 00 00 00 00 00 00 00 00 00 00
00 00 00 00 00 00 00 00 00 00 00 00 00 00 00 00 00 00 00 00 00 00 00 00 00 00 00 00 00 00 00 00
46 51 3E 77 1A 4E 3E 77 D5 92 3E 77 84 50 3E 77 62 4E 3E 77 BB 4E 3E 77 90 4E 3E 77 E3 4E 3E 77
CD 53 3E 77 CC 4D 3E 77 1A 52 3E 77 87 4D 3E 77 D0 55 3E 77 C0 50 3E 77 63 89 3E 77 F2 54 3E 77
A3 52 3E 77 8D 51 3E 77 D4 51 3E 77 33 4D 3E 77 18 56 3E 77 B6 4F 3E 77 5C 40 3D 77 35 53 3E 77
00 00 00 00 00 00 00 00 00 00 00 00 00 00 00 00 00 00 00 00 00 00 00 00 00 00 00 00 00 00 00 00
00 00 00 00 00 00 00 00 00 00 00 00 00 00 00 00 00 00 00 00 00 00 00 00 00 00 00 00 00 00 00 00
00 00 00 00 00 00 00 00 00 00 00 00 00 00 00 00 00 00 00 00 00 00 00 00 00 00 00 00 00 00 00 00
00 00 00 00 00 00 00 00 00 00 00 00 00 00 00 00 00 00 00 00 00 00 00 00 00 00 00 00 00 00 00 00
00 00 00 00 00 00 00 00 00 00 00 00 00 00 00 00 00 00 00 00 00 00 00 00 00 00 00 00 00 00 00 00
00 00 00 00 00 00 00 00 00 00 00 00 00 00 00 00 00 00 00 00 00 00 00 00 00 00 00 00 00 00 00 00
00 00 00 00 00 00 00 00 00 00 00 00 00 00 00 00 00 00 00 00 00 00 00 00 00 00 00 00 00 00 00 00
00 00 00 00 00 00 00 00 00 00 00 00 00 00 00 00 00 00 00 00 00 00 00 00 00 00 00 00 00 00 00 00
00 00 00 00 00 00 00 00 00 00 00 00 00 00 00 00 00 00 00 00 00 00 00 00 00 00 00 00 00 00 00 00
C0 6D F1 77 08 A2 F1 77 70 7E F2 77 1F 60 F1 77 29 AA F1 77 51 6E F1 77 10 5E F1 77 10 96 F1 77
2C B5 F1 77 0C D1 F1 77 47 D5 F1 77 D7 8D F1 77 23 E9 F2 77 C3 75 F1 77 D5 5F F1 77 A6 6C F1 77
C0 DC F1 77 3B 6A F1 77 65 86 F1 77 12 90 F1 77 BE 57 F1 77 B8 8D F1 77 A5 A6 F1 77 E4 68 F1 77
94 FB F2 77 31 9C F1 77 47 A1 F1 77 C5 9F F1 77 A2 58 F1 77 D0 EA F2 77 A3 DF F1 77 62 90 F4 77
82 9A F1 77 EF CD F1 77 5B D3 F1 77 E9 A5 F1 77 F1 5F F1 77 5B D5 F1 77 3B D7 F1 77 21 A8 F1 77
13 95 F4 77 C8 AB F1 77 99 68 F1 77 07 9D F1 77 74 A1 F1 77 60 9C F1 77 B0 86 F1 77 3F 45 F2 77
81 A7 F1 77 89 BD F1 77 70 80 F1 77 CF BA F1 77 BE 97 F1 77 84 98 F1 77 A0 59 F1 77 DE 82 F1 77
59 5C F1 77 0B 5D F1 77 34 88 F1 77 AC D6 F1 77 0C 7C F2 77 E1 D3 F1 77 90 A9 F1 77 5F 9D F1 77
A7 5B F1 77 88 79 F1 77 05 B6 F3 77 AD 94 F1 77 FC C6 F1 77 AF 89 F1 77 00 00 00 00 00 00 00 00
00 00 00 00 00 00 00 00 00 00 00 00 00 00 00 00 00 00 00 00 85 3E AC 7C A1 D4 A6 7C 44 FE A0 7C
E7 89 A3 7C B1 3A A1 7C 00 00 00 00 00 00 00 00 00 00 00 00 00 00 00 00 00 00 00 00 00 00 00 00
00 00 00 00 00 00 00 00 00 00 00 00 00 00 00 00 00 00 00 00 00 00 00 00 00 00 00 00 00 00 00 00
00 00 00 00 00 00 00 00 00 00 00 00 00 00 00 00 00 00 00 00 00 00 00 00 00 00 00 00 00 00 00 00
00 00 00 00 00 00 00 00 00 00 00 00 00 00 00 00 00 00 00 00 00 00 00 00 00 00 00 00 00 00 00 00
00 00 00 00 00 00 00 00 00 00 00 00 00 00 00 00 00 00 00 00 00 00 00 00 00 00 00 00 00 00 00 00
00 00 00 00 00 00 00 00 00 00 00 00 00 00 00 00 00 00 00 00 00 00 00 00 00 00 00 00 00 00 00 00
00 00 00 00 00 00 00 00 00 00 00 00 00 00 00 00 00 00 00 00 00 00 00 00 00 00 00 00 00 00 00 00
00 00 00 00 00 00 00 00 00 00 00 00 00 00 00 00 00 00 00 00 00 00 00 00 00 00 00 00 00 00 00 00
00 00 00 00 00 00 00 00 00 00 00 00 00 00 00 00 00 00 00 00 00 00 00 00 00 00 00 00 00 00 00 00
00 00 00 00 00 00 00 00 00 00 00 00 00 00 00 00 00 00 00 00 00 00 00 00 00 00 00 00 00 00 00 00
00 00 00 00 00 00 00 00 00 00 00 00 00 00 00 00 00 00 00 00 00 00 00 00 00 00 00 00 00 00 00 00
00 00 00 00 00 00 00 00 00 00 00 00 00 00 00 00 00 00 00 00 00 00 00 00 00 00 00 00 00 00 00 00
00 00 00 00 00 00 00 00 00 00 00 00 00 00 00 00 00 00 00 00 00 00 00 00 00 00 00 00 00 00 00 00
00 00 00 00 00 00 00 00 00 00 00 00 00 00 00 00 00 00 00 00 00 00 00 00 00 00 00 00 00 00 00 00
00 00 00 00 00 00 00 00 00 00 00 00 00 00 00 00 00 00 00 00 00 00 00 00 00 00 00 00 00 00 00 00
00 00 00 00 00 00 00 00 00 00 00 00 00 00 00 00 00 00 00 00 00 00 00 00 00 00 00 00 00 00 00 00
00 00 00 00 00 00 00 00 00 00 00 00 00 00 00 00 00 00 00 00 00 00 00 00 00 00 00 00 00 00 00 00
00 00 00 00 00 00 00 00 00 00 00 00 00 00 00 00 00 00 00 00 00 00 00 00 00 00 00 00 00 00 00 00
00 00 00 00 00 00 00 00 00 00 00 00 00 00 00 00 00 00 00 00 00 00 00 00 00 00 00 00 00 00 00 00
00 00 00 00 00 00 00 00 00 00 00 00 00 00 00 00 00 00 00 00 00 00 00 00 00 00 00 00 00 00 00 00
00 00 00 00 00 00 00 00 00 00 00 00 00 00 00 00 00 00 00 00 00 00 00 00 00 00 00 00 00 00 00 00
00 00 00 00 00 00 00 00 00 00 00 00 00 00 00 00 00 00 00 00 00 00 00 00 00 00 00 00 94 F7 D6 77
A2 20 D5 77 B1 B4 D4 77 6E ED D4 77 4B E3 D4 77 D5 EE D6 77 02 F0 D6 77 40 EC D6 77 03 8D D4 77
E9 AC D4 77 1B 71 D5 77 65 85 D6 77 2C BF D4 77 E5 EE D4 77 4F 6C D8 77 3F 36 D5 77 38 71 D6 77
0B 19 D5 77 85 F6 D7 77 D4 F6 D7 77 6B DF D4 77 7B E8 D4 77 CE E8 D4 77 CE E8 D4 77 A1 E3 D4 77
66 E6 D4 77 BD BC D4 77 07 F8 D4 77 23 F6 D4 77 20 24 D6 77 EF 01 D6 77 8A F3 D4 77 BC F3 D7 77
61 5D D6 77 82 FE D6 77 3C FC D4 77 AD 7B D9 77 D4 C4 D4 77 C5 B4 D4 77 71 DA D6 77 CD FA D4 77
35 D9 D4 77 D1 BD D4 77 C5 D3 D4 77 C6 F3 D6 77 FE F5 D4 77 1E DF D4 77 FF 94 D4 77 4A 4D D6 77
32 E0 D4 77 56 B5 D4 77 B2 FC D6 77 CD CE D4 77 66 C5 D4 77 97 86 D4 77 1D F2 D4 77 BB D7 D4 77
40 C6 D4 77 AE C4 D4 77 A1 E9 D4 77 D4 F3 D7 77 79 C3 D4 77 3C C4 D4 77 8B BF D4 77 35 EF D4 77
46 FA D6 77 3E 4E D6 77 BE EA D6 77 5B 37 D5 77 E8 EE D7 77 EC 38 D5 77 9F 74 D6 77 6E EF D7 77
E4 C6 D4 77 D7 B5 D4 77 3C EE D4 77 2F 3A D5 77 6F F6 D4 77 B7 F7 D4 77 5A 35 D5 77 50 8E D4 77
75 8F D4 77 6F D1 D4 77 98 C2 D4 77 F9 8F D4 77 7C 94 D4 77 14 EB D4 77 7C B5 D4 77 2E F8 D6 77
58 8A D4 77 4D C6 D4 77 9A 4F D6 77 30 F4 D7 77 E7 B3 D4 77 9D B4 D4 77 0B 76 D5 77 89 F1 D7 77
F3 BE D4 77 98 5C D6 77 8A C4 D4 77 76 C6 D4 77 DB B7 D4 77 92 C5 D4 77 8E BD D4 77 20 D4 D4 77
1A 8C D4 77 A8 67 D5 77 FA E8 D4 77 AE 21 D5 77 3B 5F D8 77 98 EC D6 77 E9 03 D5 77 D7 B9 D4 77
D3 02 D7 77 0B 05 D8 77 8E BC D4 77 F2 EC D6 77 D9 B4 D4 77 F7 EE D4 77 FD CE D4 77 62 DB D4 77
EB ED D6 77 31 C5 D4 77 BC C6 D4 77 16 23 D5 77 00 8E D4 77 00 8E D4 77 A4 C9 D4 77 6D 86 D4 77
4D 72 D6 77 A2 EE D4 77 B8 C5 D4 77 38 04 D5 77 AE E2 D4 77 80 53 D5 77 88 C9 D4 77 DB 01 D5 77
10 FF D6 77 A8 C6 D4 77 DC E5 D4 77 A7 66 D5 77 49 EF D4 77 16 F1 D7 77 06 AA D9 77 FA ED D4 77
6E B4 D4 77 2C 90 D4 77 80 F7 D4 77 BB F6 D4 77 06 8C D4 77 D3 DE D4 77 EA FB D6 77 8E C7 D4 77
5A DC D4 77 B2 02 D7 77 87 D7 D4 77 BF 5E D8 77 42 01 D5 77 DE D4 D4 77 54 05 D5 77 16 4F D9 77
8E FE D4 77 CE 8B D4 77 9F F2 D6 77 38 E4 D6 77 64 C0 D4 77 E9 93 D4 77 CF 50 D6 77 7E C5 D4 77
DE A2 D4 77 B8 E7 D4 77 00 00 00 00 00 00 00 00 00 00 00 00 39 82 57 77 00 00 00 00 00 00 00 00
00 00 00 00 00 00 00 00 00 00 00 00 00 00 00 00 00 00 00 00 00 00 00 00 00 00 00 00 59 4B 12 77
50 48 12 77 9D C9 14 77 3B 4C 12 77 C4 65 12 77 C0 48 12 77 48 D3 14 77 00 00 00 00

